a=-0.02;
b=1.351*10^(-3);
l=0.980;

Ev2=0.0;
Ew2=0.7;

