%clear;              %

Ra=0.15;            %
La=0.003;          %
J=10;      %
KE=8.50;           
KT=8.50;    
TL=0;

Kp=0.1764; %
Ti=0.0208;
Td=0.0200;

Kvp=115.47; %
Kvi=2309.4;
Kip=0.9124;

A=[-50 -2833.3;0.85 0];
b=[333.3; 0];
c=[0 1];

D=[1 1];
Jw=[0 1];
%k1=[0.0016 0.0928]; %もともとあったやつ
%k2=4.4734;

%k1=[0.0111 0.6782]; %r_e=0.001 ::1
%k2=[31.6230];

%k1=[0.0035 0.2100]; %r_e=0.01 ::2
%k2=[10.0001];

%k1=[0.0011 0.0659]; %r_e=0.1 ::3
%k2=[3.1619];

k1=[0.0004 0.0208]; %r_e=1 ::4
k2=[0.9996];
